##detailed issues color pallete
issuespallete <- c("#A6CEE3","#A6CEE3","#33A02C","#33A02C","#33A02C","#E31A1C","#E31A1C","#CAB2D6","#CAB2D6","#B15928","#B15928","#B15928","#1B9E77","#1B9E77","#1B9E77","#E7298A")

##detailed resolutions color pallete
resolutionpallete <- c("#A6CEE3","#A6CEE3","#33A02C","#33A02C","#33A02C","#E31A1C","#E31A1C","#CAB2D6","#CAB2D6","#CAB2D6","#B15928","#B15928","#B15928","#1B9E77","#1B9E77","#1B9E77")

##detailed equipment color pallete
equipmentpallete <- c("#A6CEE3","#33A02C","#33A02C","#33A02C","#33A02C","#CAB2D6","#B15928","#E31A1C","#E31A1C","#E31A1C","#E7298A","#E7298A","#E7298A","#E7298A","#1F78B4")